15 13; 15 1
15 13; 15 12; 15 11; 15 10; 15 9; 15 8; 15 7; 15 6; 15 5; 15 4; 15 3; 15 2; 15 1; 

15 1; 0 0
15 1; 15 0; 14 0; 13 0; 12 0; 11 0; 10 0; 9 0; 8 0; 7 0; 6 0; 5 0; 4 0; 3 0; 2 0; 1 0; 0 0; 
15 1; 14 1; 13 1; 12 1; 11 1; 10 1; 9 1; 8 1; 7 1; 6 1; 5 1; 4 1; 3 1; 2 1; 1 1; 1 0; 0 0; 
15 1; 14 1; 13 1; 12 1; 11 1; 10 1; 9 1; 8 1; 7 1; 6 1; 5 1; 4 1; 3 1; 2 1; 2 0; 1 0; 0 0; 
15 1; 14 1; 13 1; 12 1; 11 1; 10 1; 9 1; 8 1; 7 1; 6 1; 5 1; 4 1; 3 1; 3 0; 2 0; 1 0; 0 0; 
15 1; 14 1; 13 1; 12 1; 11 1; 10 1; 9 1; 8 1; 7 1; 6 1; 5 1; 4 1; 4 0; 3 0; 2 0; 1 0; 0 0; 
15 1; 14 1; 13 1; 12 1; 11 1; 10 1; 9 1; 8 1; 7 1; 6 1; 5 1; 5 0; 4 0; 3 0; 2 0; 1 0; 0 0; 
15 1; 14 1; 13 1; 12 1; 11 1; 10 1; 9 1; 8 1; 7 1; 6 1; 6 0; 5 0; 4 0; 3 0; 2 0; 1 0; 0 0; 
15 1; 14 1; 13 1; 12 1; 11 1; 10 1; 9 1; 8 1; 7 1; 7 0; 6 0; 5 0; 4 0; 3 0; 2 0; 1 0; 0 0; 
15 1; 14 1; 13 1; 12 1; 11 1; 10 1; 9 1; 8 1; 8 0; 7 0; 6 0; 5 0; 4 0; 3 0; 2 0; 1 0; 0 0; 
15 1; 14 1; 13 1; 12 1; 11 1; 10 1; 9 1; 9 0; 8 0; 7 0; 6 0; 5 0; 4 0; 3 0; 2 0; 1 0; 0 0; 
15 1; 14 1; 13 1; 12 1; 11 1; 10 1; 10 0; 9 0; 8 0; 7 0; 6 0; 5 0; 4 0; 3 0; 2 0; 1 0; 0 0; 
15 1; 14 1; 13 1; 12 1; 11 1; 11 0; 10 0; 9 0; 8 0; 7 0; 6 0; 5 0; 4 0; 3 0; 2 0; 1 0; 0 0; 
15 1; 14 1; 13 1; 12 1; 12 0; 11 0; 10 0; 9 0; 8 0; 7 0; 6 0; 5 0; 4 0; 3 0; 2 0; 1 0; 0 0; 
15 1; 14 1; 13 1; 13 0; 12 0; 11 0; 10 0; 9 0; 8 0; 7 0; 6 0; 5 0; 4 0; 3 0; 2 0; 1 0; 0 0; 
15 1; 14 1; 14 0; 13 0; 12 0; 11 0; 10 0; 9 0; 8 0; 7 0; 6 0; 5 0; 4 0; 3 0; 2 0; 1 0; 0 0; 

0 0; 0 2
0 0; 0 1; 0 2; 

0 2; 14 2
0 2; 1 2; 2 2; 3 2; 4 2; 5 2; 6 2; 7 2; 8 2; 9 2; 10 2; 11 2; 12 2; 13 2; 14 2; 

14 2; 13 13
14 2; 14 3; 14 4; 14 5; 14 6; 13 6; 13 7; 14 7; 14 8; 14 9; 14 10; 14 11; 14 12; 13 12; 13 13; 
14 2; 14 3; 14 4; 14 5; 14 6; 13 6; 13 7; 14 7; 14 8; 14 9; 14 10; 14 11; 13 11; 13 12; 13 13; 
14 2; 14 3; 14 4; 14 5; 14 6; 13 6; 13 7; 14 7; 14 8; 14 9; 14 10; 13 10; 13 11; 13 12; 13 13; 
14 2; 14 3; 14 4; 14 5; 14 6; 13 6; 13 7; 12 7; 12 8; 12 9; 13 9; 13 10; 13 11; 13 12; 13 13; 
14 2; 14 3; 14 4; 14 5; 14 6; 13 6; 13 7; 14 7; 14 8; 14 9; 13 9; 13 10; 13 11; 13 12; 13 13; 

13 13; 15 13
13 13; 12 13; 12 14; 12 15; 13 15; 14 15; 14 14; 15 14; 15 13; 

